{
 "metadata": {
  "name": "",
  "signature": "sha256:949f3fa3fe0c988d1b27d4f670d55f905b2b111a65b2a293c3b357cd2bafc65e"
 },
 "nbformat": 3,
 "nbformat_minor": 0,
 "worksheets": [
  {
   "cells": [
    {
     "cell_type": "code",
     "collapsed": false,
     "input": [
      "import numpy as np\n",
      "import pandas as pd\n",
      "from sklearn.linear_model import LogisticRegression\n",
      "from sklearn.metrics import confusion_matrix\n",
      "import pylab\n",
      "import matplotlib\n",
      "import csv as csv\n",
      "from sklearn.cross_validation import train_test_split\n",
      "from sklearn.cross_validation import KFold\n",
      "from sklearn.metrics import roc_curve\n",
      "from sklearn.metrics import auc\n",
      "from pandas.tools.plotting import scatter_matrix\n",
      "from sklearn.ensemble import RandomForestClassifier\n",
      "%matplotlib inline"
     ],
     "language": "python",
     "metadata": {},
     "outputs": [],
     "prompt_number": 1
    },
    {
     "cell_type": "code",
     "collapsed": false,
     "input": [
      "titanic = pd.read_csv('train.csv')"
     ],
     "language": "python",
     "metadata": {},
     "outputs": [],
     "prompt_number": 2
    },
    {
     "cell_type": "heading",
     "level": 1,
     "metadata": {},
     "source": [
      "Data Cleaning"
     ]
    },
    {
     "cell_type": "heading",
     "level": 3,
     "metadata": {},
     "source": [
      "Missing Values"
     ]
    },
    {
     "cell_type": "code",
     "collapsed": false,
     "input": [
      "titanic.info()"
     ],
     "language": "python",
     "metadata": {},
     "outputs": [
      {
       "output_type": "stream",
       "stream": "stdout",
       "text": [
        "<class 'pandas.core.frame.DataFrame'>\n",
        "Int64Index: 891 entries, 0 to 890\n",
        "Data columns (total 12 columns):\n",
        "PassengerId    891 non-null int64\n",
        "Survived       891 non-null int64\n",
        "Pclass         891 non-null int64\n",
        "Name           891 non-null object\n",
        "Sex            891 non-null object\n",
        "Age            714 non-null float64\n",
        "SibSp          891 non-null int64\n",
        "Parch          891 non-null int64\n",
        "Ticket         891 non-null object\n",
        "Fare           891 non-null float64\n",
        "Cabin          204 non-null object\n",
        "Embarked       889 non-null object\n",
        "dtypes: float64(2), int64(5), object(5)"
       ]
      }
     ],
     "prompt_number": 3
    },
    {
     "cell_type": "code",
     "collapsed": false,
     "input": [
      "# Deciding how to fill in missing ages\n",
      "for sex in ['male', 'female']:\n",
      "    for Pclass in [1,2,3]:\n",
      "        print titanic[(titanic['Sex']==sex) & (titanic['Pclass']==Pclass)]['Age'].mean()"
     ],
     "language": "python",
     "metadata": {},
     "outputs": [
      {
       "output_type": "stream",
       "stream": "stdout",
       "text": [
        "41.2813861386\n",
        "30.7407070707\n",
        "26.5075889328\n",
        "34.6117647059\n",
        "28.722972973\n",
        "21.75\n"
       ]
      }
     ],
     "prompt_number": 4
    },
    {
     "cell_type": "code",
     "collapsed": false,
     "input": [
      "def fill_ages(titanic):\n",
      "    #fills in missing ages and missing Fare\n",
      "    for pclass in [1,2,3]:\n",
      "        titanic.loc[titanic['Pclass']==pclass,'Fare'] = titanic[titanic['Pclass']==pclass]['Fare'].fillna(titanic[titanic['Pclass']==pclass]['Fare'].mean())\n",
      "        for gender in ['male', 'female']:\n",
      "            gender_class = (titanic['Sex']==gender) & (titanic['Pclass']==pclass)\n",
      "            av_age = titanic[gender_class]['Age'].mean()\n",
      "            titanic.loc[gender_class,'Age'] = titanic[gender_class]['Age'].fillna(av_age)\n",
      "    return titanic"
     ],
     "language": "python",
     "metadata": {},
     "outputs": [],
     "prompt_number": 5
    },
    {
     "cell_type": "code",
     "collapsed": false,
     "input": [
      "titanic = fill_ages(titanic)\n",
      "titanic.info()"
     ],
     "language": "python",
     "metadata": {},
     "outputs": [
      {
       "output_type": "stream",
       "stream": "stdout",
       "text": [
        "<class 'pandas.core.frame.DataFrame'>\n",
        "Int64Index: 891 entries, 0 to 890\n",
        "Data columns (total 12 columns):\n",
        "PassengerId    891 non-null int64\n",
        "Survived       891 non-null int64\n",
        "Pclass         891 non-null int64\n",
        "Name           891 non-null object\n",
        "Sex            891 non-null object\n",
        "Age            891 non-null float64\n",
        "SibSp          891 non-null int64\n",
        "Parch          891 non-null int64\n",
        "Ticket         891 non-null object\n",
        "Fare           891 non-null float64\n",
        "Cabin          204 non-null object\n",
        "Embarked       889 non-null object\n",
        "dtypes: float64(2), int64(5), object(5)"
       ]
      }
     ],
     "prompt_number": 6
    },
    {
     "cell_type": "heading",
     "level": 3,
     "metadata": {},
     "source": [
      "Categorical Variables"
     ]
    },
    {
     "cell_type": "code",
     "collapsed": false,
     "input": [
      "print titanic[titanic['Sex']=='male']['Survived'].mean()\n",
      "print titanic[titanic['Sex']=='female']['Survived'].mean()"
     ],
     "language": "python",
     "metadata": {},
     "outputs": [
      {
       "output_type": "stream",
       "stream": "stdout",
       "text": [
        "0.188908145581\n",
        "0.742038216561\n"
       ]
      }
     ],
     "prompt_number": 7
    },
    {
     "cell_type": "code",
     "collapsed": false,
     "input": [
      "print titanic[titanic['Pclass']==1]['Survived'].mean()\n",
      "print titanic[titanic['Pclass']==2]['Survived'].mean()\n",
      "print titanic[titanic['Pclass']==3]['Survived'].mean()"
     ],
     "language": "python",
     "metadata": {},
     "outputs": [
      {
       "output_type": "stream",
       "stream": "stdout",
       "text": [
        "0.62962962963\n",
        "0.472826086957\n",
        "0.242362525458\n"
       ]
      }
     ],
     "prompt_number": 8
    },
    {
     "cell_type": "code",
     "collapsed": false,
     "input": [
      "print len(titanic['Cabin'].unique())\n",
      "print titanic['Cabin'].unique()"
     ],
     "language": "python",
     "metadata": {},
     "outputs": [
      {
       "output_type": "stream",
       "stream": "stdout",
       "text": [
        "148\n",
        "[nan 'C85' 'C123' 'E46' 'G6' 'C103' 'D56' 'A6' 'C23 C25 C27' 'B78' 'D33'\n",
        " 'B30' 'C52' 'B28' 'C83' 'F33' 'F G73' 'E31' 'A5' 'D10 D12' 'D26' 'C110'\n",
        " 'B58 B60' 'E101' 'F E69' 'D47' 'B86' 'F2' 'C2' 'E33' 'B19' 'A7' 'C49' 'F4'\n",
        " 'A32' 'B4' 'B80' 'A31' 'D36' 'D15' 'C93' 'C78' 'D35' 'C87' 'B77' 'E67'\n",
        " 'B94' 'C125' 'C99' 'C118' 'D7' 'A19' 'B49' 'D' 'C22 C26' 'C106' 'C65'\n",
        " 'E36' 'C54' 'B57 B59 B63 B66' 'C7' 'E34' 'C32' 'B18' 'C124' 'C91' 'E40'\n",
        " 'T' 'C128' 'D37' 'B35' 'E50' 'C82' 'B96 B98' 'E10' 'E44' 'A34' 'C104'\n",
        " 'C111' 'C92' 'E38' 'D21' 'E12' 'E63' 'A14' 'B37' 'C30' 'D20' 'B79' 'E25'\n",
        " 'D46' 'B73' 'C95' 'B38' 'B39' 'B22' 'C86' 'C70' 'A16' 'C101' 'C68' 'A10'\n",
        " 'E68' 'B41' 'A20' 'D19' 'D50' 'D9' 'A23' 'B50' 'A26' 'D48' 'E58' 'C126'\n",
        " 'B71' 'B51 B53 B55' 'D49' 'B5' 'B20' 'F G63' 'C62 C64' 'E24' 'C90' 'C45'\n",
        " 'E8' 'B101' 'D45' 'C46' 'D30' 'E121' 'D11' 'E77' 'F38' 'B3' 'D6' 'B82 B84'\n",
        " 'D17' 'A36' 'B102' 'B69' 'E49' 'C47' 'D28' 'E17' 'A24' 'C50' 'B42' 'C148']\n"
       ]
      }
     ],
     "prompt_number": 9
    },
    {
     "cell_type": "code",
     "collapsed": false,
     "input": [
      "print titanic[titanic['Cabin'].isnull()]['Survived'].mean()\n",
      "print titanic[titanic['Cabin'].notnull()]['Survived'].mean()"
     ],
     "language": "python",
     "metadata": {},
     "outputs": [
      {
       "output_type": "stream",
       "stream": "stdout",
       "text": [
        "0.299854439592\n",
        "0.666666666667\n"
       ]
      }
     ],
     "prompt_number": 10
    },
    {
     "cell_type": "code",
     "collapsed": false,
     "input": [
      "print len(titanic['Ticket'].unique())\n",
      "# print titanic['Ticket'].unique()"
     ],
     "language": "python",
     "metadata": {},
     "outputs": [
      {
       "output_type": "stream",
       "stream": "stdout",
       "text": [
        "681\n"
       ]
      }
     ],
     "prompt_number": 11
    },
    {
     "cell_type": "code",
     "collapsed": false,
     "input": [
      "def cabin_dummies(titanic, cabs):\n",
      "    for cab, letter in cabs:\n",
      "        titanic.loc[(titanic['Cabin'].notnull() & titanic['Cabin'].str.contains(letter)),cab]=1\n",
      "        titanic[cab] = titanic[cab].fillna(0)\n",
      "    return titanic"
     ],
     "language": "python",
     "metadata": {},
     "outputs": [],
     "prompt_number": 12
    },
    {
     "cell_type": "code",
     "collapsed": false,
     "input": [
      "def munge(titanic):\n",
      "    titanic = fill_ages(titanic)\n",
      "    titanic = cabin_dummies(titanic,[['cab_A', 'A'],['cab_B','B'],['cab_C','C'],['cab_D', 'D'],['cab_E','E'],['cab_F', 'F'],['cab_G','G']])    \n",
      "    titanic['female'] = titanic['Sex'].map( {'female': 1, 'male': 0} ).astype(int)\n",
      "        \n",
      "    class_dummies = pd.core.reshape.get_dummies(titanic['Pclass'])\n",
      "    titanic[['1st_class','2nd_class']] = class_dummies[[1,2]]\n",
      "\n",
      "    embark_dummies = pd.core.reshape.get_dummies(titanic['Embarked'])\n",
      "    titanic[['Cherbourg','Queenstown']] = embark_dummies[['C','Q']]\n",
      "    titanic.loc[titanic['Embarked'].isnull(),'Cherbourg']=titanic['Cherbourg'].mean()\n",
      "    titanic.loc[titanic['Embarked'].isnull(),'Queenstown']=titanic['Queenstown'].mean()\n",
      "    \n",
      "    titanic = titanic.drop(['Embarked','Pclass', 'Sex','Cabin','Ticket','Name'],axis=1)\n",
      "    return titanic"
     ],
     "language": "python",
     "metadata": {},
     "outputs": [],
     "prompt_number": 13
    },
    {
     "cell_type": "code",
     "collapsed": false,
     "input": [
      "titanic = pd.read_csv('train.csv')\n",
      "titanic = munge(titanic)\n",
      "titanic.info()"
     ],
     "language": "python",
     "metadata": {},
     "outputs": [
      {
       "output_type": "stream",
       "stream": "stdout",
       "text": [
        "<class 'pandas.core.frame.DataFrame'>\n",
        "Int64Index: 891 entries, 0 to 890\n",
        "Data columns (total 18 columns):\n",
        "PassengerId    891 non-null int64\n",
        "Survived       891 non-null int64\n",
        "Age            891 non-null float64\n",
        "SibSp          891 non-null int64\n",
        "Parch          891 non-null int64\n",
        "Fare           891 non-null float64\n",
        "cab_A          891 non-null float64\n",
        "cab_B          891 non-null float64\n",
        "cab_C          891 non-null float64\n",
        "cab_D          891 non-null float64\n",
        "cab_E          891 non-null float64\n",
        "cab_F          891 non-null float64\n",
        "cab_G          891 non-null float64\n",
        "female         891 non-null int32\n",
        "1st_class      891 non-null float64\n",
        "2nd_class      891 non-null float64\n",
        "Cherbourg      891 non-null float64\n",
        "Queenstown     891 non-null float64\n",
        "dtypes: float64(13), int32(1), int64(4)"
       ]
      }
     ],
     "prompt_number": 14
    },
    {
     "cell_type": "heading",
     "level": 2,
     "metadata": {},
     "source": [
      "Feature Engineering"
     ]
    },
    {
     "cell_type": "code",
     "collapsed": false,
     "input": [
      "titanic.iloc[:,1:].corr()"
     ],
     "language": "python",
     "metadata": {},
     "outputs": [
      {
       "html": [
        "<div style=\"max-height:1000px;max-width:1500px;overflow:auto;\">\n",
        "<table border=\"1\" class=\"dataframe\">\n",
        "  <thead>\n",
        "    <tr style=\"text-align: right;\">\n",
        "      <th></th>\n",
        "      <th>Survived</th>\n",
        "      <th>Age</th>\n",
        "      <th>SibSp</th>\n",
        "      <th>Parch</th>\n",
        "      <th>Fare</th>\n",
        "      <th>cab_A</th>\n",
        "      <th>cab_B</th>\n",
        "      <th>cab_C</th>\n",
        "      <th>cab_D</th>\n",
        "      <th>cab_E</th>\n",
        "      <th>cab_F</th>\n",
        "      <th>cab_G</th>\n",
        "      <th>female</th>\n",
        "      <th>1st_class</th>\n",
        "      <th>2nd_class</th>\n",
        "      <th>Cherbourg</th>\n",
        "      <th>Queenstown</th>\n",
        "    </tr>\n",
        "  </thead>\n",
        "  <tbody>\n",
        "    <tr>\n",
        "      <th>Survived</th>\n",
        "      <td> 1.000000</td>\n",
        "      <td>-0.067485</td>\n",
        "      <td>-0.035322</td>\n",
        "      <td> 0.081629</td>\n",
        "      <td> 0.257307</td>\n",
        "      <td> 0.022287</td>\n",
        "      <td> 0.175095</td>\n",
        "      <td> 0.114652</td>\n",
        "      <td> 0.150716</td>\n",
        "      <td> 0.150716</td>\n",
        "      <td> 0.057935</td>\n",
        "      <td>-0.017955</td>\n",
        "      <td> 0.543351</td>\n",
        "      <td> 0.285904</td>\n",
        "      <td> 0.093349</td>\n",
        "      <td> 0.169656</td>\n",
        "      <td> 0.004526</td>\n",
        "    </tr>\n",
        "    <tr>\n",
        "      <th>Age</th>\n",
        "      <td>-0.067485</td>\n",
        "      <td> 1.000000</td>\n",
        "      <td>-0.251313</td>\n",
        "      <td>-0.180705</td>\n",
        "      <td> 0.118308</td>\n",
        "      <td> 0.145946</td>\n",
        "      <td> 0.102477</td>\n",
        "      <td> 0.145375</td>\n",
        "      <td> 0.142545</td>\n",
        "      <td> 0.116887</td>\n",
        "      <td>-0.079955</td>\n",
        "      <td>-0.057683</td>\n",
        "      <td>-0.112851</td>\n",
        "      <td> 0.386121</td>\n",
        "      <td> 0.022624</td>\n",
        "      <td> 0.043202</td>\n",
        "      <td>-0.083002</td>\n",
        "    </tr>\n",
        "    <tr>\n",
        "      <th>SibSp</th>\n",
        "      <td>-0.035322</td>\n",
        "      <td>-0.251313</td>\n",
        "      <td> 1.000000</td>\n",
        "      <td> 0.414838</td>\n",
        "      <td> 0.159651</td>\n",
        "      <td>-0.046266</td>\n",
        "      <td>-0.034538</td>\n",
        "      <td> 0.029251</td>\n",
        "      <td>-0.017575</td>\n",
        "      <td>-0.033751</td>\n",
        "      <td> 0.001706</td>\n",
        "      <td>-0.019159</td>\n",
        "      <td> 0.114631</td>\n",
        "      <td>-0.054582</td>\n",
        "      <td>-0.055932</td>\n",
        "      <td>-0.060057</td>\n",
        "      <td>-0.026684</td>\n",
        "    </tr>\n",
        "    <tr>\n",
        "      <th>Parch</th>\n",
        "      <td> 0.081629</td>\n",
        "      <td>-0.180705</td>\n",
        "      <td> 0.414838</td>\n",
        "      <td> 1.000000</td>\n",
        "      <td> 0.216225</td>\n",
        "      <td>-0.040325</td>\n",
        "      <td> 0.056498</td>\n",
        "      <td> 0.030736</td>\n",
        "      <td>-0.019125</td>\n",
        "      <td>-0.011748</td>\n",
        "      <td> 0.023694</td>\n",
        "      <td> 0.036749</td>\n",
        "      <td> 0.245489</td>\n",
        "      <td>-0.017633</td>\n",
        "      <td>-0.000734</td>\n",
        "      <td>-0.011584</td>\n",
        "      <td>-0.081564</td>\n",
        "    </tr>\n",
        "    <tr>\n",
        "      <th>Fare</th>\n",
        "      <td> 0.257307</td>\n",
        "      <td> 0.118308</td>\n",
        "      <td> 0.159651</td>\n",
        "      <td> 0.216225</td>\n",
        "      <td> 1.000000</td>\n",
        "      <td> 0.019549</td>\n",
        "      <td> 0.386297</td>\n",
        "      <td> 0.364318</td>\n",
        "      <td> 0.098878</td>\n",
        "      <td> 0.051749</td>\n",
        "      <td>-0.033093</td>\n",
        "      <td>-0.037921</td>\n",
        "      <td> 0.182333</td>\n",
        "      <td> 0.591711</td>\n",
        "      <td>-0.118557</td>\n",
        "      <td> 0.270447</td>\n",
        "      <td>-0.116564</td>\n",
        "    </tr>\n",
        "    <tr>\n",
        "      <th>cab_A</th>\n",
        "      <td> 0.022287</td>\n",
        "      <td> 0.145946</td>\n",
        "      <td>-0.046266</td>\n",
        "      <td>-0.040325</td>\n",
        "      <td> 0.019549</td>\n",
        "      <td> 1.000000</td>\n",
        "      <td>-0.030880</td>\n",
        "      <td>-0.034846</td>\n",
        "      <td>-0.025663</td>\n",
        "      <td>-0.025663</td>\n",
        "      <td>-0.015923</td>\n",
        "      <td>-0.011644</td>\n",
        "      <td>-0.078271</td>\n",
        "      <td> 0.231323</td>\n",
        "      <td>-0.066756</td>\n",
        "      <td> 0.092923</td>\n",
        "      <td>-0.040341</td>\n",
        "    </tr>\n",
        "    <tr>\n",
        "      <th>cab_B</th>\n",
        "      <td> 0.175095</td>\n",
        "      <td> 0.102477</td>\n",
        "      <td>-0.034538</td>\n",
        "      <td> 0.056498</td>\n",
        "      <td> 0.386297</td>\n",
        "      <td>-0.030880</td>\n",
        "      <td> 1.000000</td>\n",
        "      <td>-0.062841</td>\n",
        "      <td>-0.046280</td>\n",
        "      <td>-0.046280</td>\n",
        "      <td>-0.028715</td>\n",
        "      <td>-0.020999</td>\n",
        "      <td> 0.109689</td>\n",
        "      <td> 0.417160</td>\n",
        "      <td>-0.120386</td>\n",
        "      <td> 0.173272</td>\n",
        "      <td>-0.069661</td>\n",
        "    </tr>\n",
        "    <tr>\n",
        "      <th>cab_C</th>\n",
        "      <td> 0.114652</td>\n",
        "      <td> 0.145375</td>\n",
        "      <td> 0.029251</td>\n",
        "      <td> 0.030736</td>\n",
        "      <td> 0.364318</td>\n",
        "      <td>-0.034846</td>\n",
        "      <td>-0.062841</td>\n",
        "      <td> 1.000000</td>\n",
        "      <td>-0.052225</td>\n",
        "      <td>-0.052225</td>\n",
        "      <td>-0.032403</td>\n",
        "      <td>-0.023697</td>\n",
        "      <td> 0.058649</td>\n",
        "      <td> 0.470749</td>\n",
        "      <td>-0.135851</td>\n",
        "      <td> 0.113694</td>\n",
        "      <td>-0.049965</td>\n",
        "    </tr>\n",
        "    <tr>\n",
        "      <th>cab_D</th>\n",
        "      <td> 0.150716</td>\n",
        "      <td> 0.142545</td>\n",
        "      <td>-0.017575</td>\n",
        "      <td>-0.019125</td>\n",
        "      <td> 0.098878</td>\n",
        "      <td>-0.025663</td>\n",
        "      <td>-0.046280</td>\n",
        "      <td>-0.052225</td>\n",
        "      <td> 1.000000</td>\n",
        "      <td>-0.038462</td>\n",
        "      <td>-0.023864</td>\n",
        "      <td>-0.017452</td>\n",
        "      <td> 0.079248</td>\n",
        "      <td> 0.291218</td>\n",
        "      <td>-0.041325</td>\n",
        "      <td> 0.102792</td>\n",
        "      <td>-0.060460</td>\n",
        "    </tr>\n",
        "    <tr>\n",
        "      <th>cab_E</th>\n",
        "      <td> 0.150716</td>\n",
        "      <td> 0.116887</td>\n",
        "      <td>-0.033751</td>\n",
        "      <td>-0.011748</td>\n",
        "      <td> 0.051749</td>\n",
        "      <td>-0.025663</td>\n",
        "      <td>-0.046280</td>\n",
        "      <td>-0.052225</td>\n",
        "      <td>-0.038462</td>\n",
        "      <td> 1.000000</td>\n",
        "      <td> 0.025699</td>\n",
        "      <td>-0.017452</td>\n",
        "      <td> 0.054368</td>\n",
        "      <td> 0.235748</td>\n",
        "      <td>-0.041325</td>\n",
        "      <td>-0.003589</td>\n",
        "      <td>-0.039307</td>\n",
        "    </tr>\n",
        "    <tr>\n",
        "      <th>cab_F</th>\n",
        "      <td> 0.057935</td>\n",
        "      <td>-0.079955</td>\n",
        "      <td> 0.001706</td>\n",
        "      <td> 0.023694</td>\n",
        "      <td>-0.033093</td>\n",
        "      <td>-0.015923</td>\n",
        "      <td>-0.028715</td>\n",
        "      <td>-0.032403</td>\n",
        "      <td>-0.023864</td>\n",
        "      <td> 0.025699</td>\n",
        "      <td> 1.000000</td>\n",
        "      <td> 0.307229</td>\n",
        "      <td> 0.008202</td>\n",
        "      <td>-0.068833</td>\n",
        "      <td> 0.122906</td>\n",
        "      <td>-0.034867</td>\n",
        "      <td>-0.004197</td>\n",
        "    </tr>\n",
        "    <tr>\n",
        "      <th>cab_G</th>\n",
        "      <td>-0.017955</td>\n",
        "      <td>-0.057683</td>\n",
        "      <td>-0.019159</td>\n",
        "      <td> 0.036749</td>\n",
        "      <td>-0.037921</td>\n",
        "      <td>-0.011644</td>\n",
        "      <td>-0.020999</td>\n",
        "      <td>-0.023697</td>\n",
        "      <td>-0.017452</td>\n",
        "      <td>-0.017452</td>\n",
        "      <td> 0.307229</td>\n",
        "      <td> 1.000000</td>\n",
        "      <td> 0.040796</td>\n",
        "      <td>-0.050338</td>\n",
        "      <td>-0.045396</td>\n",
        "      <td>-0.043003</td>\n",
        "      <td>-0.027433</td>\n",
        "    </tr>\n",
        "    <tr>\n",
        "      <th>female</th>\n",
        "      <td> 0.543351</td>\n",
        "      <td>-0.112851</td>\n",
        "      <td> 0.114631</td>\n",
        "      <td> 0.245489</td>\n",
        "      <td> 0.182333</td>\n",
        "      <td>-0.078271</td>\n",
        "      <td> 0.109689</td>\n",
        "      <td> 0.058649</td>\n",
        "      <td> 0.079248</td>\n",
        "      <td> 0.054368</td>\n",
        "      <td> 0.008202</td>\n",
        "      <td> 0.040796</td>\n",
        "      <td> 1.000000</td>\n",
        "      <td> 0.098013</td>\n",
        "      <td> 0.064746</td>\n",
        "      <td> 0.084342</td>\n",
        "      <td> 0.075059</td>\n",
        "    </tr>\n",
        "    <tr>\n",
        "      <th>1st_class</th>\n",
        "      <td> 0.285904</td>\n",
        "      <td> 0.386121</td>\n",
        "      <td>-0.054582</td>\n",
        "      <td>-0.017633</td>\n",
        "      <td> 0.591711</td>\n",
        "      <td> 0.231323</td>\n",
        "      <td> 0.417160</td>\n",
        "      <td> 0.470749</td>\n",
        "      <td> 0.291218</td>\n",
        "      <td> 0.235748</td>\n",
        "      <td>-0.068833</td>\n",
        "      <td>-0.050338</td>\n",
        "      <td> 0.098013</td>\n",
        "      <td> 1.000000</td>\n",
        "      <td>-0.288585</td>\n",
        "      <td> 0.298413</td>\n",
        "      <td>-0.154138</td>\n",
        "    </tr>\n",
        "    <tr>\n",
        "      <th>2nd_class</th>\n",
        "      <td> 0.093349</td>\n",
        "      <td> 0.022624</td>\n",
        "      <td>-0.055932</td>\n",
        "      <td>-0.000734</td>\n",
        "      <td>-0.118557</td>\n",
        "      <td>-0.066756</td>\n",
        "      <td>-0.120386</td>\n",
        "      <td>-0.135851</td>\n",
        "      <td>-0.041325</td>\n",
        "      <td>-0.041325</td>\n",
        "      <td> 0.122906</td>\n",
        "      <td>-0.045396</td>\n",
        "      <td> 0.064746</td>\n",
        "      <td>-0.288585</td>\n",
        "      <td> 1.000000</td>\n",
        "      <td>-0.126001</td>\n",
        "      <td>-0.127667</td>\n",
        "    </tr>\n",
        "    <tr>\n",
        "      <th>Cherbourg</th>\n",
        "      <td> 0.169656</td>\n",
        "      <td> 0.043202</td>\n",
        "      <td>-0.060057</td>\n",
        "      <td>-0.011584</td>\n",
        "      <td> 0.270447</td>\n",
        "      <td> 0.092923</td>\n",
        "      <td> 0.173272</td>\n",
        "      <td> 0.113694</td>\n",
        "      <td> 0.102792</td>\n",
        "      <td>-0.003589</td>\n",
        "      <td>-0.034867</td>\n",
        "      <td>-0.043003</td>\n",
        "      <td> 0.084342</td>\n",
        "      <td> 0.298413</td>\n",
        "      <td>-0.126001</td>\n",
        "      <td> 1.000000</td>\n",
        "      <td>-0.148646</td>\n",
        "    </tr>\n",
        "    <tr>\n",
        "      <th>Queenstown</th>\n",
        "      <td> 0.004526</td>\n",
        "      <td>-0.083002</td>\n",
        "      <td>-0.026684</td>\n",
        "      <td>-0.081564</td>\n",
        "      <td>-0.116564</td>\n",
        "      <td>-0.040341</td>\n",
        "      <td>-0.069661</td>\n",
        "      <td>-0.049965</td>\n",
        "      <td>-0.060460</td>\n",
        "      <td>-0.039307</td>\n",
        "      <td>-0.004197</td>\n",
        "      <td>-0.027433</td>\n",
        "      <td> 0.075059</td>\n",
        "      <td>-0.154138</td>\n",
        "      <td>-0.127667</td>\n",
        "      <td>-0.148646</td>\n",
        "      <td> 1.000000</td>\n",
        "    </tr>\n",
        "  </tbody>\n",
        "</table>\n",
        "</div>"
       ],
       "metadata": {},
       "output_type": "pyout",
       "prompt_number": 15,
       "text": [
        "            Survived       Age     SibSp     Parch      Fare     cab_A  \\\n",
        "Survived    1.000000 -0.067485 -0.035322  0.081629  0.257307  0.022287   \n",
        "Age        -0.067485  1.000000 -0.251313 -0.180705  0.118308  0.145946   \n",
        "SibSp      -0.035322 -0.251313  1.000000  0.414838  0.159651 -0.046266   \n",
        "Parch       0.081629 -0.180705  0.414838  1.000000  0.216225 -0.040325   \n",
        "Fare        0.257307  0.118308  0.159651  0.216225  1.000000  0.019549   \n",
        "cab_A       0.022287  0.145946 -0.046266 -0.040325  0.019549  1.000000   \n",
        "cab_B       0.175095  0.102477 -0.034538  0.056498  0.386297 -0.030880   \n",
        "cab_C       0.114652  0.145375  0.029251  0.030736  0.364318 -0.034846   \n",
        "cab_D       0.150716  0.142545 -0.017575 -0.019125  0.098878 -0.025663   \n",
        "cab_E       0.150716  0.116887 -0.033751 -0.011748  0.051749 -0.025663   \n",
        "cab_F       0.057935 -0.079955  0.001706  0.023694 -0.033093 -0.015923   \n",
        "cab_G      -0.017955 -0.057683 -0.019159  0.036749 -0.037921 -0.011644   \n",
        "female      0.543351 -0.112851  0.114631  0.245489  0.182333 -0.078271   \n",
        "1st_class   0.285904  0.386121 -0.054582 -0.017633  0.591711  0.231323   \n",
        "2nd_class   0.093349  0.022624 -0.055932 -0.000734 -0.118557 -0.066756   \n",
        "Cherbourg   0.169656  0.043202 -0.060057 -0.011584  0.270447  0.092923   \n",
        "Queenstown  0.004526 -0.083002 -0.026684 -0.081564 -0.116564 -0.040341   \n",
        "\n",
        "               cab_B     cab_C     cab_D     cab_E     cab_F     cab_G  \\\n",
        "Survived    0.175095  0.114652  0.150716  0.150716  0.057935 -0.017955   \n",
        "Age         0.102477  0.145375  0.142545  0.116887 -0.079955 -0.057683   \n",
        "SibSp      -0.034538  0.029251 -0.017575 -0.033751  0.001706 -0.019159   \n",
        "Parch       0.056498  0.030736 -0.019125 -0.011748  0.023694  0.036749   \n",
        "Fare        0.386297  0.364318  0.098878  0.051749 -0.033093 -0.037921   \n",
        "cab_A      -0.030880 -0.034846 -0.025663 -0.025663 -0.015923 -0.011644   \n",
        "cab_B       1.000000 -0.062841 -0.046280 -0.046280 -0.028715 -0.020999   \n",
        "cab_C      -0.062841  1.000000 -0.052225 -0.052225 -0.032403 -0.023697   \n",
        "cab_D      -0.046280 -0.052225  1.000000 -0.038462 -0.023864 -0.017452   \n",
        "cab_E      -0.046280 -0.052225 -0.038462  1.000000  0.025699 -0.017452   \n",
        "cab_F      -0.028715 -0.032403 -0.023864  0.025699  1.000000  0.307229   \n",
        "cab_G      -0.020999 -0.023697 -0.017452 -0.017452  0.307229  1.000000   \n",
        "female      0.109689  0.058649  0.079248  0.054368  0.008202  0.040796   \n",
        "1st_class   0.417160  0.470749  0.291218  0.235748 -0.068833 -0.050338   \n",
        "2nd_class  -0.120386 -0.135851 -0.041325 -0.041325  0.122906 -0.045396   \n",
        "Cherbourg   0.173272  0.113694  0.102792 -0.003589 -0.034867 -0.043003   \n",
        "Queenstown -0.069661 -0.049965 -0.060460 -0.039307 -0.004197 -0.027433   \n",
        "\n",
        "              female  1st_class  2nd_class  Cherbourg  Queenstown  \n",
        "Survived    0.543351   0.285904   0.093349   0.169656    0.004526  \n",
        "Age        -0.112851   0.386121   0.022624   0.043202   -0.083002  \n",
        "SibSp       0.114631  -0.054582  -0.055932  -0.060057   -0.026684  \n",
        "Parch       0.245489  -0.017633  -0.000734  -0.011584   -0.081564  \n",
        "Fare        0.182333   0.591711  -0.118557   0.270447   -0.116564  \n",
        "cab_A      -0.078271   0.231323  -0.066756   0.092923   -0.040341  \n",
        "cab_B       0.109689   0.417160  -0.120386   0.173272   -0.069661  \n",
        "cab_C       0.058649   0.470749  -0.135851   0.113694   -0.049965  \n",
        "cab_D       0.079248   0.291218  -0.041325   0.102792   -0.060460  \n",
        "cab_E       0.054368   0.235748  -0.041325  -0.003589   -0.039307  \n",
        "cab_F       0.008202  -0.068833   0.122906  -0.034867   -0.004197  \n",
        "cab_G       0.040796  -0.050338  -0.045396  -0.043003   -0.027433  \n",
        "female      1.000000   0.098013   0.064746   0.084342    0.075059  \n",
        "1st_class   0.098013   1.000000  -0.288585   0.298413   -0.154138  \n",
        "2nd_class   0.064746  -0.288585   1.000000  -0.126001   -0.127667  \n",
        "Cherbourg   0.084342   0.298413  -0.126001   1.000000   -0.148646  \n",
        "Queenstown  0.075059  -0.154138  -0.127667  -0.148646    1.000000  "
       ]
      }
     ],
     "prompt_number": 15
    },
    {
     "cell_type": "code",
     "collapsed": false,
     "input": [
      "scat = scatter_matrix(titanic[['Age','Fare']], figsize = (8,8))"
     ],
     "language": "python",
     "metadata": {},
     "outputs": [
      {
       "metadata": {},
       "output_type": "display_data",
